(kicad_pcb (version 20171130) (host pcbnew 5.0.2+dfsg1-1~bpo9+1)

  (general
    (thickness 1.6)
    (drawings 1)
    (tracks 0)
    (zones 0)
    (modules 63)
    (nets 46)
  )

  (page A4)
  (layers
    (0 F.Cu signal)
    (1 In1.Cu power)
    (2 In2.Cu power)
    (31 B.Cu power)
    (32 B.Adhes user)
    (33 F.Adhes user)
    (34 B.Paste user)
    (35 F.Paste user)
    (36 B.SilkS user)
    (37 F.SilkS user)
    (38 B.Mask user)
    (39 F.Mask user)
    (40 Dwgs.User user)
    (41 Cmts.User user)
    (42 Eco1.User user)
    (43 Eco2.User user)
    (44 Edge.Cuts user)
    (45 Margin user)
    (46 B.CrtYd user)
    (47 F.CrtYd user)
    (48 B.Fab user)
    (49 F.Fab user hide)
  )

  (setup
    (last_trace_width 0.25)
    (user_trace_width 2.6)
    (user_trace_width 7)
    (trace_clearance 0.2)
    (zone_clearance 0.508)
    (zone_45_only no)
    (trace_min 0.2)
    (segment_width 0.2)
    (edge_width 0.15)
    (via_size 0.8)
    (via_drill 0.4)
    (via_min_size 0.4)
    (via_min_drill 0.3)
    (uvia_size 0.3)
    (uvia_drill 0.1)
    (uvias_allowed no)
    (uvia_min_size 0.2)
    (uvia_min_drill 0.1)
    (pcb_text_width 0.3)
    (pcb_text_size 1.5 1.5)
    (mod_edge_width 0.15)
    (mod_text_size 1 1)
    (mod_text_width 0.15)
    (pad_size 2.2 1.2)
    (pad_drill 0)
    (pad_to_mask_clearance 0.051)
    (solder_mask_min_width 0.25)
    (aux_axis_origin 0 0)
    (visible_elements FFFFFF7F)
    (pcbplotparams
      (layerselection 0x010fc_ffffffff)
      (usegerberextensions false)
      (usegerberattributes false)
      (usegerberadvancedattributes false)
      (creategerberjobfile false)
      (excludeedgelayer true)
      (linewidth 0.100000)
      (plotframeref false)
      (viasonmask false)
      (mode 1)
      (useauxorigin false)
      (hpglpennumber 1)
      (hpglpenspeed 20)
      (hpglpendiameter 15.000000)
      (psnegative false)
      (psa4output false)
      (plotreference true)
      (plotvalue true)
      (plotinvisibletext false)
      (padsonsilk false)
      (subtractmaskfromsilk false)
      (outputformat 1)
      (mirror false)
      (drillshape 1)
      (scaleselection 1)
      (outputdirectory ""))
  )

  (net 0 "")
  (net 1 Earth)
  (net 2 Vin2.5-24V)
  (net 3 "Net-(C3-Pad1)")
  (net 4 "Net-(C4-Pad1)")
  (net 5 "Net-(C5-Pad2)")
  (net 6 +12Vcc)
  (net 7 "Net-(C11-Pad1)")
  (net 8 "Net-(C12-Pad1)")
  (net 9 -12Vcc)
  (net 10 "Net-(C20-Pad1)")
  (net 11 "Net-(C21-Pad1)")
  (net 12 "Net-(C22-Pad2)")
  (net 13 +5Vcc)
  (net 14 "Net-(J2-Pad1)")
  (net 15 "Net-(J2-Pad2)")
  (net 16 "Net-(J2-Pad3)")
  (net 17 "Net-(J2-Pad4)")
  (net 18 "/positive 12V supply/~PGOOD")
  (net 19 "/negative 12V supply/~PGOOD")
  (net 20 /positive5Vsupply/~PGOOD)
  (net 21 "Net-(R6-Pad1)")
  (net 22 "Net-(R7-Pad1)")
  (net 23 "Net-(R11-Pad1)")
  (net 24 "Net-(R12-Pad1)")
  (net 25 "Net-(R20-Pad1)")
  (net 26 "Net-(R21-Pad1)")
  (net 27 "Net-(U1-Pad30)")
  (net 28 "Net-(U3-Pad30)")
  (net 29 "/positive 12V supply/EN_UVLO")
  (net 30 "/positive 12V supply/SGND")
  (net 31 "/positive 12V supply/SW")
  (net 32 "/positive 12V supply/FBX")
  (net 33 /positive5Vsupply/SGND)
  (net 34 /positive5Vsupply/SW)
  (net 35 /positive5Vsupply/FBX)
  (net 36 /positive5Vsupply/EN_UVLO)
  (net 37 "/positive 12V supply/DIODE_IN")
  (net 38 /positive5Vsupply/DIODE_IN)
  (net 39 "/negative 12V supply/SGND")
  (net 40 "/negative 12V supply/DRIVE_DIODE_IN")
  (net 41 "/negative 12V supply/FBX")
  (net 42 "/negative 12V supply/INTVCC")
  (net 43 "/negative 12V supply/DRIVE")
  (net 44 "/negative 12V supply/EN_UVLO")
  (net 45 "/negative 12V supply/GND_DIODE_IN")

  (net_class Default "This is the default net class."
    (clearance 0.2)
    (trace_width 0.25)
    (via_dia 0.8)
    (via_drill 0.4)
    (uvia_dia 0.3)
    (uvia_drill 0.1)
    (add_net +12Vcc)
    (add_net +5Vcc)
    (add_net -12Vcc)
    (add_net "/negative 12V supply/DRIVE")
    (add_net "/negative 12V supply/DRIVE_DIODE_IN")
    (add_net "/negative 12V supply/EN_UVLO")
    (add_net "/negative 12V supply/FBX")
    (add_net "/negative 12V supply/GND_DIODE_IN")
    (add_net "/negative 12V supply/INTVCC")
    (add_net "/negative 12V supply/SGND")
    (add_net "/negative 12V supply/~PGOOD")
    (add_net "/positive 12V supply/DIODE_IN")
    (add_net "/positive 12V supply/EN_UVLO")
    (add_net "/positive 12V supply/FBX")
    (add_net "/positive 12V supply/SGND")
    (add_net "/positive 12V supply/SW")
    (add_net "/positive 12V supply/~PGOOD")
    (add_net /positive5Vsupply/DIODE_IN)
    (add_net /positive5Vsupply/EN_UVLO)
    (add_net /positive5Vsupply/FBX)
    (add_net /positive5Vsupply/SGND)
    (add_net /positive5Vsupply/SW)
    (add_net /positive5Vsupply/~PGOOD)
    (add_net Earth)
    (add_net "Net-(C11-Pad1)")
    (add_net "Net-(C12-Pad1)")
    (add_net "Net-(C20-Pad1)")
    (add_net "Net-(C21-Pad1)")
    (add_net "Net-(C22-Pad2)")
    (add_net "Net-(C3-Pad1)")
    (add_net "Net-(C4-Pad1)")
    (add_net "Net-(C5-Pad2)")
    (add_net "Net-(J2-Pad1)")
    (add_net "Net-(J2-Pad2)")
    (add_net "Net-(J2-Pad3)")
    (add_net "Net-(J2-Pad4)")
    (add_net "Net-(R11-Pad1)")
    (add_net "Net-(R12-Pad1)")
    (add_net "Net-(R20-Pad1)")
    (add_net "Net-(R21-Pad1)")
    (add_net "Net-(R6-Pad1)")
    (add_net "Net-(R7-Pad1)")
    (add_net "Net-(U1-Pad30)")
    (add_net "Net-(U3-Pad30)")
    (add_net Vin2.5-24V)
  )

  (net_class sw ""
    (clearance 0.2)
    (trace_width 7)
    (via_dia 0.8)
    (via_drill 0.4)
    (uvia_dia 0.3)
    (uvia_drill 0.1)
  )

  (module bourns:bourns_srp1265a (layer F.Cu) (tedit 5CAD0ECB) (tstamp 5CC54DE0)
    (at 95.325001 152.675001)
    (path /5CA63886/5CB62A4C)
    (fp_text reference L2 (at 0 -7) (layer F.SilkS)
      (effects (font (size 1 1) (thickness 0.15)))
    )
    (fp_text value SRP1265A-330M (at 0 -3.5) (layer F.Fab)
      (effects (font (size 1 1) (thickness 0.15)))
    )
    (fp_line (start -6.75 6.75) (end -6.75 0) (layer F.CrtYd) (width 0.15))
    (fp_line (start 6.75 6.75) (end -6.75 6.75) (layer F.CrtYd) (width 0.15))
    (fp_line (start 6.75 0) (end 6.75 6.75) (layer F.CrtYd) (width 0.15))
    (fp_line (start 6.75 -6.75) (end 6.75 0) (layer F.CrtYd) (width 0.15))
    (fp_line (start -6.75 -6.75) (end 6.75 -6.75) (layer F.CrtYd) (width 0.15))
    (fp_line (start -6.75 0) (end -6.75 -6.75) (layer F.CrtYd) (width 0.15))
    (fp_arc (start -5.25 5.25) (end -6.25 5.25) (angle -90) (layer F.SilkS) (width 0.15))
    (fp_arc (start 5.25 5.25) (end 5.25 6.25) (angle -90) (layer F.SilkS) (width 0.15))
    (fp_arc (start 5.25 -5.25) (end 6.25 -5.25) (angle -90) (layer F.SilkS) (width 0.15))
    (fp_arc (start -5.25 -5.25) (end -5.25 -6.25) (angle -90) (layer F.SilkS) (width 0.15))
    (fp_line (start 5.25 6.25) (end 0 6.25) (layer F.SilkS) (width 0.15))
    (fp_line (start 6.25 2.75) (end 6.25 5.25) (layer F.SilkS) (width 0.15))
    (fp_line (start 6.25 -5.25) (end 6.25 -2.75) (layer F.SilkS) (width 0.15))
    (fp_line (start -5.25 -6.25) (end 5.25 -6.25) (layer F.SilkS) (width 0.15))
    (fp_line (start -6.25 -2.75) (end -6.25 -5.25) (layer F.SilkS) (width 0.15))
    (fp_line (start -6.25 5.25) (end -6.25 2.75) (layer F.SilkS) (width 0.15))
    (fp_line (start 0 6.25) (end -5.25 6.25) (layer F.SilkS) (width 0.15))
    (pad 2 smd rect (at 5.55 0) (size 3.1 5) (layers F.Cu F.Paste F.Mask)
      (net 40 "/negative 12V supply/DRIVE_DIODE_IN"))
    (pad 1 smd rect (at -5.55 0) (size 3.1 5) (layers F.Cu F.Paste F.Mask)
      (net 2 Vin2.5-24V))
  )

  (module bourns:bourns_srp1265a (layer F.Cu) (tedit 5CAD0ECB) (tstamp 5CC54DB3)
    (at 116.9 168.8)
    (path /5CA63886/5CB70FAA)
    (fp_text reference L6 (at 0 -7) (layer F.SilkS)
      (effects (font (size 1 1) (thickness 0.15)))
    )
    (fp_text value SRP1265A-330M (at 0 -3.5) (layer F.Fab)
      (effects (font (size 1 1) (thickness 0.15)))
    )
    (fp_line (start 0 6.25) (end -5.25 6.25) (layer F.SilkS) (width 0.15))
    (fp_line (start -6.25 5.25) (end -6.25 2.75) (layer F.SilkS) (width 0.15))
    (fp_line (start -6.25 -2.75) (end -6.25 -5.25) (layer F.SilkS) (width 0.15))
    (fp_line (start -5.25 -6.25) (end 5.25 -6.25) (layer F.SilkS) (width 0.15))
    (fp_line (start 6.25 -5.25) (end 6.25 -2.75) (layer F.SilkS) (width 0.15))
    (fp_line (start 6.25 2.75) (end 6.25 5.25) (layer F.SilkS) (width 0.15))
    (fp_line (start 5.25 6.25) (end 0 6.25) (layer F.SilkS) (width 0.15))
    (fp_arc (start -5.25 -5.25) (end -5.25 -6.25) (angle -90) (layer F.SilkS) (width 0.15))
    (fp_arc (start 5.25 -5.25) (end 6.25 -5.25) (angle -90) (layer F.SilkS) (width 0.15))
    (fp_arc (start 5.25 5.25) (end 5.25 6.25) (angle -90) (layer F.SilkS) (width 0.15))
    (fp_arc (start -5.25 5.25) (end -6.25 5.25) (angle -90) (layer F.SilkS) (width 0.15))
    (fp_line (start -6.75 0) (end -6.75 -6.75) (layer F.CrtYd) (width 0.15))
    (fp_line (start -6.75 -6.75) (end 6.75 -6.75) (layer F.CrtYd) (width 0.15))
    (fp_line (start 6.75 -6.75) (end 6.75 0) (layer F.CrtYd) (width 0.15))
    (fp_line (start 6.75 0) (end 6.75 6.75) (layer F.CrtYd) (width 0.15))
    (fp_line (start 6.75 6.75) (end -6.75 6.75) (layer F.CrtYd) (width 0.15))
    (fp_line (start -6.75 6.75) (end -6.75 0) (layer F.CrtYd) (width 0.15))
    (pad 1 smd rect (at -5.55 0) (size 3.1 5) (layers F.Cu F.Paste F.Mask)
      (net 45 "/negative 12V supply/GND_DIODE_IN"))
    (pad 2 smd rect (at 5.55 0) (size 3.1 5) (layers F.Cu F.Paste F.Mask)
      (net 9 -12Vcc))
  )

  (module bourns:bourns_srp1265a (layer F.Cu) (tedit 5CAD0ECB) (tstamp 5CB9B4A2)
    (at 161.8 133)
    (path /5CB27250/5CAE23BD)
    (fp_text reference L5 (at 0 -7) (layer F.SilkS)
      (effects (font (size 1 1) (thickness 0.15)))
    )
    (fp_text value SRP1265A-330M (at 0 -3.5) (layer F.Fab)
      (effects (font (size 1 1) (thickness 0.15)))
    )
    (fp_line (start -6.75 6.75) (end -6.75 0) (layer F.CrtYd) (width 0.15))
    (fp_line (start 6.75 6.75) (end -6.75 6.75) (layer F.CrtYd) (width 0.15))
    (fp_line (start 6.75 0) (end 6.75 6.75) (layer F.CrtYd) (width 0.15))
    (fp_line (start 6.75 -6.75) (end 6.75 0) (layer F.CrtYd) (width 0.15))
    (fp_line (start -6.75 -6.75) (end 6.75 -6.75) (layer F.CrtYd) (width 0.15))
    (fp_line (start -6.75 0) (end -6.75 -6.75) (layer F.CrtYd) (width 0.15))
    (fp_arc (start -5.25 5.25) (end -6.25 5.25) (angle -90) (layer F.SilkS) (width 0.15))
    (fp_arc (start 5.25 5.25) (end 5.25 6.25) (angle -90) (layer F.SilkS) (width 0.15))
    (fp_arc (start 5.25 -5.25) (end 6.25 -5.25) (angle -90) (layer F.SilkS) (width 0.15))
    (fp_arc (start -5.25 -5.25) (end -5.25 -6.25) (angle -90) (layer F.SilkS) (width 0.15))
    (fp_line (start 5.25 6.25) (end 0 6.25) (layer F.SilkS) (width 0.15))
    (fp_line (start 6.25 2.75) (end 6.25 5.25) (layer F.SilkS) (width 0.15))
    (fp_line (start 6.25 -5.25) (end 6.25 -2.75) (layer F.SilkS) (width 0.15))
    (fp_line (start -5.25 -6.25) (end 5.25 -6.25) (layer F.SilkS) (width 0.15))
    (fp_line (start -6.25 -2.75) (end -6.25 -5.25) (layer F.SilkS) (width 0.15))
    (fp_line (start -6.25 5.25) (end -6.25 2.75) (layer F.SilkS) (width 0.15))
    (fp_line (start 0 6.25) (end -5.25 6.25) (layer F.SilkS) (width 0.15))
    (pad 2 smd rect (at 5.55 0) (size 3.1 5) (layers F.Cu F.Paste F.Mask)
      (net 1 Earth))
    (pad 1 smd rect (at -5.55 0) (size 3.1 5) (layers F.Cu F.Paste F.Mask)
      (net 38 /positive5Vsupply/DIODE_IN))
  )

  (module bourns:bourns_srp1265a (layer F.Cu) (tedit 5CAD0ECB) (tstamp 5CB9B460)
    (at 149.875001 171.675001)
    (path /5CB27250/5CAD20BC)
    (fp_text reference L3 (at 0 -7) (layer F.SilkS)
      (effects (font (size 1 1) (thickness 0.15)))
    )
    (fp_text value SRP1265A-330M (at 0 -3.5) (layer F.Fab)
      (effects (font (size 1 1) (thickness 0.15)))
    )
    (fp_line (start 0 6.25) (end -5.25 6.25) (layer F.SilkS) (width 0.15))
    (fp_line (start -6.25 5.25) (end -6.25 2.75) (layer F.SilkS) (width 0.15))
    (fp_line (start -6.25 -2.75) (end -6.25 -5.25) (layer F.SilkS) (width 0.15))
    (fp_line (start -5.25 -6.25) (end 5.25 -6.25) (layer F.SilkS) (width 0.15))
    (fp_line (start 6.25 -5.25) (end 6.25 -2.75) (layer F.SilkS) (width 0.15))
    (fp_line (start 6.25 2.75) (end 6.25 5.25) (layer F.SilkS) (width 0.15))
    (fp_line (start 5.25 6.25) (end 0 6.25) (layer F.SilkS) (width 0.15))
    (fp_arc (start -5.25 -5.25) (end -5.25 -6.25) (angle -90) (layer F.SilkS) (width 0.15))
    (fp_arc (start 5.25 -5.25) (end 6.25 -5.25) (angle -90) (layer F.SilkS) (width 0.15))
    (fp_arc (start 5.25 5.25) (end 5.25 6.25) (angle -90) (layer F.SilkS) (width 0.15))
    (fp_arc (start -5.25 5.25) (end -6.25 5.25) (angle -90) (layer F.SilkS) (width 0.15))
    (fp_line (start -6.75 0) (end -6.75 -6.75) (layer F.CrtYd) (width 0.15))
    (fp_line (start -6.75 -6.75) (end 6.75 -6.75) (layer F.CrtYd) (width 0.15))
    (fp_line (start 6.75 -6.75) (end 6.75 0) (layer F.CrtYd) (width 0.15))
    (fp_line (start 6.75 0) (end 6.75 6.75) (layer F.CrtYd) (width 0.15))
    (fp_line (start 6.75 6.75) (end -6.75 6.75) (layer F.CrtYd) (width 0.15))
    (fp_line (start -6.75 6.75) (end -6.75 0) (layer F.CrtYd) (width 0.15))
    (pad 1 smd rect (at -5.55 0) (size 3.1 5) (layers F.Cu F.Paste F.Mask)
      (net 2 Vin2.5-24V))
    (pad 2 smd rect (at 5.55 0) (size 3.1 5) (layers F.Cu F.Paste F.Mask)
      (net 34 /positive5Vsupply/SW))
  )

  (module bourns:bourns_srp1265a (layer F.Cu) (tedit 5CAD0ECB) (tstamp 5CB9A111)
    (at 155.1 46.9 90)
    (path /5CA65B33/5CB5D623)
    (fp_text reference L4 (at 0 -7 90) (layer F.SilkS)
      (effects (font (size 1 1) (thickness 0.15)))
    )
    (fp_text value SRP1265A-330M (at 0 -3.5 90) (layer F.Fab)
      (effects (font (size 1 1) (thickness 0.15)))
    )
    (fp_line (start -6.75 6.75) (end -6.75 0) (layer F.CrtYd) (width 0.15))
    (fp_line (start 6.75 6.75) (end -6.75 6.75) (layer F.CrtYd) (width 0.15))
    (fp_line (start 6.75 0) (end 6.75 6.75) (layer F.CrtYd) (width 0.15))
    (fp_line (start 6.75 -6.75) (end 6.75 0) (layer F.CrtYd) (width 0.15))
    (fp_line (start -6.75 -6.75) (end 6.75 -6.75) (layer F.CrtYd) (width 0.15))
    (fp_line (start -6.75 0) (end -6.75 -6.75) (layer F.CrtYd) (width 0.15))
    (fp_arc (start -5.25 5.25) (end -6.25 5.25) (angle -90) (layer F.SilkS) (width 0.15))
    (fp_arc (start 5.25 5.25) (end 5.25 6.25) (angle -90) (layer F.SilkS) (width 0.15))
    (fp_arc (start 5.25 -5.25) (end 6.25 -5.25) (angle -90) (layer F.SilkS) (width 0.15))
    (fp_arc (start -5.25 -5.25) (end -5.25 -6.25) (angle -90) (layer F.SilkS) (width 0.15))
    (fp_line (start 5.25 6.25) (end 0 6.25) (layer F.SilkS) (width 0.15))
    (fp_line (start 6.25 2.75) (end 6.25 5.25) (layer F.SilkS) (width 0.15))
    (fp_line (start 6.25 -5.25) (end 6.25 -2.75) (layer F.SilkS) (width 0.15))
    (fp_line (start -5.25 -6.25) (end 5.25 -6.25) (layer F.SilkS) (width 0.15))
    (fp_line (start -6.25 -2.75) (end -6.25 -5.25) (layer F.SilkS) (width 0.15))
    (fp_line (start -6.25 5.25) (end -6.25 2.75) (layer F.SilkS) (width 0.15))
    (fp_line (start 0 6.25) (end -5.25 6.25) (layer F.SilkS) (width 0.15))
    (pad 2 smd rect (at 5.55 0 90) (size 3.1 5) (layers F.Cu F.Paste F.Mask)
      (net 1 Earth))
    (pad 1 smd rect (at -5.55 0 90) (size 3.1 5) (layers F.Cu F.Paste F.Mask)
      (net 37 "/positive 12V supply/DIODE_IN"))
  )

  (module bourns:bourns_srp1265a (layer F.Cu) (tedit 5CAD0ECB) (tstamp 5CB9A0E5)
    (at 121.2 66.425 90)
    (path /5CA65B33/5CB5D622)
    (fp_text reference L1 (at 0 -7 90) (layer F.SilkS)
      (effects (font (size 1 1) (thickness 0.15)))
    )
    (fp_text value SRP1265A-330M (at 0 -3.5 90) (layer F.Fab)
      (effects (font (size 1 1) (thickness 0.15)))
    )
    (fp_line (start 0 6.25) (end -5.25 6.25) (layer F.SilkS) (width 0.15))
    (fp_line (start -6.25 5.25) (end -6.25 2.75) (layer F.SilkS) (width 0.15))
    (fp_line (start -6.25 -2.75) (end -6.25 -5.25) (layer F.SilkS) (width 0.15))
    (fp_line (start -5.25 -6.25) (end 5.25 -6.25) (layer F.SilkS) (width 0.15))
    (fp_line (start 6.25 -5.25) (end 6.25 -2.75) (layer F.SilkS) (width 0.15))
    (fp_line (start 6.25 2.75) (end 6.25 5.25) (layer F.SilkS) (width 0.15))
    (fp_line (start 5.25 6.25) (end 0 6.25) (layer F.SilkS) (width 0.15))
    (fp_arc (start -5.25 -5.25) (end -5.25 -6.25) (angle -90) (layer F.SilkS) (width 0.15))
    (fp_arc (start 5.25 -5.25) (end 6.25 -5.25) (angle -90) (layer F.SilkS) (width 0.15))
    (fp_arc (start 5.25 5.25) (end 5.25 6.25) (angle -90) (layer F.SilkS) (width 0.15))
    (fp_arc (start -5.25 5.25) (end -6.25 5.25) (angle -90) (layer F.SilkS) (width 0.15))
    (fp_line (start -6.75 0) (end -6.75 -6.75) (layer F.CrtYd) (width 0.15))
    (fp_line (start -6.75 -6.75) (end 6.75 -6.75) (layer F.CrtYd) (width 0.15))
    (fp_line (start 6.75 -6.75) (end 6.75 0) (layer F.CrtYd) (width 0.15))
    (fp_line (start 6.75 0) (end 6.75 6.75) (layer F.CrtYd) (width 0.15))
    (fp_line (start 6.75 6.75) (end -6.75 6.75) (layer F.CrtYd) (width 0.15))
    (fp_line (start -6.75 6.75) (end -6.75 0) (layer F.CrtYd) (width 0.15))
    (pad 1 smd rect (at -5.55 0 90) (size 3.1 5) (layers F.Cu F.Paste F.Mask)
      (net 2 Vin2.5-24V))
    (pad 2 smd rect (at 5.55 0 90) (size 3.1 5) (layers F.Cu F.Paste F.Mask)
      (net 31 "/positive 12V supply/SW"))
  )

  (module Capacitor_SMD:C_0805_2012Metric_Pad1.15x1.40mm_HandSolder (layer F.Cu) (tedit 5B36C52B) (tstamp 5CACCE44)
    (at 116.6 58.3)
    (descr "Capacitor SMD 0805 (2012 Metric), square (rectangular) end terminal, IPC_7351 nominal with elongated pad for handsoldering. (Body size source: https://docs.google.com/spreadsheets/d/1BsfQQcO9C6DZCsRaXUlFlo91Tg2WpOkGARC1WS5S8t0/edit?usp=sharing), generated with kicad-footprint-generator")
    (tags "capacitor handsolder")
    (path /5CA65B33/5CA63925)
    (attr smd)
    (fp_text reference C1 (at -3.075 -0.1) (layer F.SilkS)
      (effects (font (size 1 1) (thickness 0.15)))
    )
    (fp_text value "22uF 50V" (at 0 1.65) (layer F.Fab)
      (effects (font (size 1 1) (thickness 0.15)))
    )
    (fp_text user %R (at 0 0) (layer F.Fab)
      (effects (font (size 0.5 0.5) (thickness 0.08)))
    )
    (fp_line (start 1.85 0.95) (end -1.85 0.95) (layer F.CrtYd) (width 0.05))
    (fp_line (start 1.85 -0.95) (end 1.85 0.95) (layer F.CrtYd) (width 0.05))
    (fp_line (start -1.85 -0.95) (end 1.85 -0.95) (layer F.CrtYd) (width 0.05))
    (fp_line (start -1.85 0.95) (end -1.85 -0.95) (layer F.CrtYd) (width 0.05))
    (fp_line (start -0.261252 0.71) (end 0.261252 0.71) (layer F.SilkS) (width 0.12))
    (fp_line (start -0.261252 -0.71) (end 0.261252 -0.71) (layer F.SilkS) (width 0.12))
    (fp_line (start 1 0.6) (end -1 0.6) (layer F.Fab) (width 0.1))
    (fp_line (start 1 -0.6) (end 1 0.6) (layer F.Fab) (width 0.1))
    (fp_line (start -1 -0.6) (end 1 -0.6) (layer F.Fab) (width 0.1))
    (fp_line (start -1 0.6) (end -1 -0.6) (layer F.Fab) (width 0.1))
    (pad 2 smd roundrect (at 1.025 0) (size 1.15 1.4) (layers F.Cu F.Paste F.Mask) (roundrect_rratio 0.217391)
      (net 1 Earth))
    (pad 1 smd roundrect (at -1.025 0) (size 1.15 1.4) (layers F.Cu F.Paste F.Mask) (roundrect_rratio 0.217391)
      (net 2 Vin2.5-24V))
    (model ${KISYS3DMOD}/Capacitor_SMD.3dshapes/C_0805_2012Metric.wrl
      (at (xyz 0 0 0))
      (scale (xyz 1 1 1))
      (rotate (xyz 0 0 0))
    )
  )

  (module Capacitor_SMD:C_0805_2012Metric_Pad1.15x1.40mm_HandSolder (layer F.Cu) (tedit 5B36C52B) (tstamp 5CACCE77)
    (at 116.675 55.4)
    (descr "Capacitor SMD 0805 (2012 Metric), square (rectangular) end terminal, IPC_7351 nominal with elongated pad for handsoldering. (Body size source: https://docs.google.com/spreadsheets/d/1BsfQQcO9C6DZCsRaXUlFlo91Tg2WpOkGARC1WS5S8t0/edit?usp=sharing), generated with kicad-footprint-generator")
    (tags "capacitor handsolder")
    (path /5CA65B33/5CB272EE)
    (attr smd)
    (fp_text reference C2 (at -3.125 0) (layer F.SilkS)
      (effects (font (size 1 1) (thickness 0.15)))
    )
    (fp_text value "22uF 50V" (at 0 1.65) (layer F.Fab)
      (effects (font (size 1 1) (thickness 0.15)))
    )
    (fp_line (start -1 0.6) (end -1 -0.6) (layer F.Fab) (width 0.1))
    (fp_line (start -1 -0.6) (end 1 -0.6) (layer F.Fab) (width 0.1))
    (fp_line (start 1 -0.6) (end 1 0.6) (layer F.Fab) (width 0.1))
    (fp_line (start 1 0.6) (end -1 0.6) (layer F.Fab) (width 0.1))
    (fp_line (start -0.261252 -0.71) (end 0.261252 -0.71) (layer F.SilkS) (width 0.12))
    (fp_line (start -0.261252 0.71) (end 0.261252 0.71) (layer F.SilkS) (width 0.12))
    (fp_line (start -1.85 0.95) (end -1.85 -0.95) (layer F.CrtYd) (width 0.05))
    (fp_line (start -1.85 -0.95) (end 1.85 -0.95) (layer F.CrtYd) (width 0.05))
    (fp_line (start 1.85 -0.95) (end 1.85 0.95) (layer F.CrtYd) (width 0.05))
    (fp_line (start 1.85 0.95) (end -1.85 0.95) (layer F.CrtYd) (width 0.05))
    (fp_text user %R (at 0 0) (layer F.Fab)
      (effects (font (size 0.5 0.5) (thickness 0.08)))
    )
    (pad 1 smd roundrect (at -1.025 0) (size 1.15 1.4) (layers F.Cu F.Paste F.Mask) (roundrect_rratio 0.217391)
      (net 2 Vin2.5-24V))
    (pad 2 smd roundrect (at 1.025 0) (size 1.15 1.4) (layers F.Cu F.Paste F.Mask) (roundrect_rratio 0.217391)
      (net 1 Earth))
    (model ${KISYS3DMOD}/Capacitor_SMD.3dshapes/C_0805_2012Metric.wrl
      (at (xyz 0 0 0))
      (scale (xyz 1 1 1))
      (rotate (xyz 0 0 0))
    )
  )

  (module Capacitor_SMD:C_0805_2012Metric_Pad1.15x1.40mm_HandSolder (layer F.Cu) (tedit 5B36C52B) (tstamp 5CEFA528)
    (at 116.9 50.9 270)
    (descr "Capacitor SMD 0805 (2012 Metric), square (rectangular) end terminal, IPC_7351 nominal with elongated pad for handsoldering. (Body size source: https://docs.google.com/spreadsheets/d/1BsfQQcO9C6DZCsRaXUlFlo91Tg2WpOkGARC1WS5S8t0/edit?usp=sharing), generated with kicad-footprint-generator")
    (tags "capacitor handsolder")
    (path /5CA65B33/5CB5D61C)
    (attr smd)
    (fp_text reference C3 (at 0 1.8 270) (layer F.SilkS)
      (effects (font (size 1 1) (thickness 0.15)))
    )
    (fp_text value 22nF (at 0 1.65 270) (layer F.Fab)
      (effects (font (size 1 1) (thickness 0.15)))
    )
    (fp_line (start -1 0.6) (end -1 -0.6) (layer F.Fab) (width 0.1))
    (fp_line (start -1 -0.6) (end 1 -0.6) (layer F.Fab) (width 0.1))
    (fp_line (start 1 -0.6) (end 1 0.6) (layer F.Fab) (width 0.1))
    (fp_line (start 1 0.6) (end -1 0.6) (layer F.Fab) (width 0.1))
    (fp_line (start -0.261252 -0.71) (end 0.261252 -0.71) (layer F.SilkS) (width 0.12))
    (fp_line (start -0.261252 0.71) (end 0.261252 0.71) (layer F.SilkS) (width 0.12))
    (fp_line (start -1.85 0.95) (end -1.85 -0.95) (layer F.CrtYd) (width 0.05))
    (fp_line (start -1.85 -0.95) (end 1.85 -0.95) (layer F.CrtYd) (width 0.05))
    (fp_line (start 1.85 -0.95) (end 1.85 0.95) (layer F.CrtYd) (width 0.05))
    (fp_line (start 1.85 0.95) (end -1.85 0.95) (layer F.CrtYd) (width 0.05))
    (fp_text user %R (at 0 0 270) (layer F.Fab)
      (effects (font (size 0.5 0.5) (thickness 0.08)))
    )
    (pad 1 smd roundrect (at -1.025 0 270) (size 1.15 1.4) (layers F.Cu F.Paste F.Mask) (roundrect_rratio 0.217391)
      (net 3 "Net-(C3-Pad1)"))
    (pad 2 smd roundrect (at 1.025 0 270) (size 1.15 1.4) (layers F.Cu F.Paste F.Mask) (roundrect_rratio 0.217391)
      (net 30 "/positive 12V supply/SGND"))
    (model ${KISYS3DMOD}/Capacitor_SMD.3dshapes/C_0805_2012Metric.wrl
      (at (xyz 0 0 0))
      (scale (xyz 1 1 1))
      (rotate (xyz 0 0 0))
    )
  )

  (module Capacitor_SMD:C_0805_2012Metric_Pad1.15x1.40mm_HandSolder (layer F.Cu) (tedit 5B36C52B) (tstamp 5CEFA539)
    (at 122.6 50.925 270)
    (descr "Capacitor SMD 0805 (2012 Metric), square (rectangular) end terminal, IPC_7351 nominal with elongated pad for handsoldering. (Body size source: https://docs.google.com/spreadsheets/d/1BsfQQcO9C6DZCsRaXUlFlo91Tg2WpOkGARC1WS5S8t0/edit?usp=sharing), generated with kicad-footprint-generator")
    (tags "capacitor handsolder")
    (path /5CA65B33/5CB272F5)
    (attr smd)
    (fp_text reference C4 (at 3.075 0 270) (layer F.SilkS)
      (effects (font (size 1 1) (thickness 0.15)))
    )
    (fp_text value 0.1uF (at 0 1.65 270) (layer F.Fab)
      (effects (font (size 1 1) (thickness 0.15)))
    )
    (fp_text user %R (at 0 0 270) (layer F.Fab)
      (effects (font (size 0.5 0.5) (thickness 0.08)))
    )
    (fp_line (start 1.85 0.95) (end -1.85 0.95) (layer F.CrtYd) (width 0.05))
    (fp_line (start 1.85 -0.95) (end 1.85 0.95) (layer F.CrtYd) (width 0.05))
    (fp_line (start -1.85 -0.95) (end 1.85 -0.95) (layer F.CrtYd) (width 0.05))
    (fp_line (start -1.85 0.95) (end -1.85 -0.95) (layer F.CrtYd) (width 0.05))
    (fp_line (start -0.261252 0.71) (end 0.261252 0.71) (layer F.SilkS) (width 0.12))
    (fp_line (start -0.261252 -0.71) (end 0.261252 -0.71) (layer F.SilkS) (width 0.12))
    (fp_line (start 1 0.6) (end -1 0.6) (layer F.Fab) (width 0.1))
    (fp_line (start 1 -0.6) (end 1 0.6) (layer F.Fab) (width 0.1))
    (fp_line (start -1 -0.6) (end 1 -0.6) (layer F.Fab) (width 0.1))
    (fp_line (start -1 0.6) (end -1 -0.6) (layer F.Fab) (width 0.1))
    (pad 2 smd roundrect (at 1.025 0 270) (size 1.15 1.4) (layers F.Cu F.Paste F.Mask) (roundrect_rratio 0.217391)
      (net 30 "/positive 12V supply/SGND"))
    (pad 1 smd roundrect (at -1.025 0 270) (size 1.15 1.4) (layers F.Cu F.Paste F.Mask) (roundrect_rratio 0.217391)
      (net 4 "Net-(C4-Pad1)"))
    (model ${KISYS3DMOD}/Capacitor_SMD.3dshapes/C_0805_2012Metric.wrl
      (at (xyz 0 0 0))
      (scale (xyz 1 1 1))
      (rotate (xyz 0 0 0))
    )
  )

  (module Capacitor_SMD:C_0805_2012Metric_Pad1.15x1.40mm_HandSolder (layer F.Cu) (tedit 5B36C52B) (tstamp 5CACE012)
    (at 139.8 51.175 270)
    (descr "Capacitor SMD 0805 (2012 Metric), square (rectangular) end terminal, IPC_7351 nominal with elongated pad for handsoldering. (Body size source: https://docs.google.com/spreadsheets/d/1BsfQQcO9C6DZCsRaXUlFlo91Tg2WpOkGARC1WS5S8t0/edit?usp=sharing), generated with kicad-footprint-generator")
    (tags "capacitor handsolder")
    (path /5CA65B33/5CB5D61D)
    (attr smd)
    (fp_text reference C5 (at -2.775 0) (layer F.SilkS)
      (effects (font (size 1 1) (thickness 0.15)))
    )
    (fp_text value 4.7uF (at 0 1.65 270) (layer F.Fab)
      (effects (font (size 1 1) (thickness 0.15)))
    )
    (fp_text user %R (at 0 0 270) (layer F.Fab)
      (effects (font (size 0.5 0.5) (thickness 0.08)))
    )
    (fp_line (start 1.85 0.95) (end -1.85 0.95) (layer F.CrtYd) (width 0.05))
    (fp_line (start 1.85 -0.95) (end 1.85 0.95) (layer F.CrtYd) (width 0.05))
    (fp_line (start -1.85 -0.95) (end 1.85 -0.95) (layer F.CrtYd) (width 0.05))
    (fp_line (start -1.85 0.95) (end -1.85 -0.95) (layer F.CrtYd) (width 0.05))
    (fp_line (start -0.261252 0.71) (end 0.261252 0.71) (layer F.SilkS) (width 0.12))
    (fp_line (start -0.261252 -0.71) (end 0.261252 -0.71) (layer F.SilkS) (width 0.12))
    (fp_line (start 1 0.6) (end -1 0.6) (layer F.Fab) (width 0.1))
    (fp_line (start 1 -0.6) (end 1 0.6) (layer F.Fab) (width 0.1))
    (fp_line (start -1 -0.6) (end 1 -0.6) (layer F.Fab) (width 0.1))
    (fp_line (start -1 0.6) (end -1 -0.6) (layer F.Fab) (width 0.1))
    (pad 2 smd roundrect (at 1.025 0 270) (size 1.15 1.4) (layers F.Cu F.Paste F.Mask) (roundrect_rratio 0.217391)
      (net 5 "Net-(C5-Pad2)"))
    (pad 1 smd roundrect (at -1.025 0 270) (size 1.15 1.4) (layers F.Cu F.Paste F.Mask) (roundrect_rratio 0.217391)
      (net 30 "/positive 12V supply/SGND"))
    (model ${KISYS3DMOD}/Capacitor_SMD.3dshapes/C_0805_2012Metric.wrl
      (at (xyz 0 0 0))
      (scale (xyz 1 1 1))
      (rotate (xyz 0 0 0))
    )
  )

  (module Capacitor_SMD:C_0805_2012Metric_Pad1.15x1.40mm_HandSolder (layer F.Cu) (tedit 5B36C52B) (tstamp 5CEFA55B)
    (at 131.9 70.1)
    (descr "Capacitor SMD 0805 (2012 Metric), square (rectangular) end terminal, IPC_7351 nominal with elongated pad for handsoldering. (Body size source: https://docs.google.com/spreadsheets/d/1BsfQQcO9C6DZCsRaXUlFlo91Tg2WpOkGARC1WS5S8t0/edit?usp=sharing), generated with kicad-footprint-generator")
    (tags "capacitor handsolder")
    (path /5CA65B33/5CB272F3)
    (attr smd)
    (fp_text reference C6 (at -2.575 0 90) (layer F.SilkS)
      (effects (font (size 1 1) (thickness 0.15)))
    )
    (fp_text value "4.7uF 50V" (at 0 2.2) (layer F.Fab)
      (effects (font (size 1 1) (thickness 0.15)))
    )
    (fp_text user %R (at 0 0) (layer F.Fab)
      (effects (font (size 0.5 0.5) (thickness 0.08)))
    )
    (fp_line (start 1.85 0.95) (end -1.85 0.95) (layer F.CrtYd) (width 0.05))
    (fp_line (start 1.85 -0.95) (end 1.85 0.95) (layer F.CrtYd) (width 0.05))
    (fp_line (start -1.85 -0.95) (end 1.85 -0.95) (layer F.CrtYd) (width 0.05))
    (fp_line (start -1.85 0.95) (end -1.85 -0.95) (layer F.CrtYd) (width 0.05))
    (fp_line (start -0.261252 0.71) (end 0.261252 0.71) (layer F.SilkS) (width 0.12))
    (fp_line (start -0.261252 -0.71) (end 0.261252 -0.71) (layer F.SilkS) (width 0.12))
    (fp_line (start 1 0.6) (end -1 0.6) (layer F.Fab) (width 0.1))
    (fp_line (start 1 -0.6) (end 1 0.6) (layer F.Fab) (width 0.1))
    (fp_line (start -1 -0.6) (end 1 -0.6) (layer F.Fab) (width 0.1))
    (fp_line (start -1 0.6) (end -1 -0.6) (layer F.Fab) (width 0.1))
    (pad 2 smd roundrect (at 1.025 0) (size 1.15 1.4) (layers F.Cu F.Paste F.Mask) (roundrect_rratio 0.217391)
      (net 37 "/positive 12V supply/DIODE_IN"))
    (pad 1 smd roundrect (at -1.025 0) (size 1.15 1.4) (layers F.Cu F.Paste F.Mask) (roundrect_rratio 0.217391)
      (net 31 "/positive 12V supply/SW"))
    (model ${KISYS3DMOD}/Capacitor_SMD.3dshapes/C_0805_2012Metric.wrl
      (at (xyz 0 0 0))
      (scale (xyz 1 1 1))
      (rotate (xyz 0 0 0))
    )
  )

  (module Capacitor_SMD:C_0805_2012Metric_Pad1.15x1.40mm_HandSolder (layer F.Cu) (tedit 5B36C52B) (tstamp 5CEFA56C)
    (at 132.329006 61.591028 90)
    (descr "Capacitor SMD 0805 (2012 Metric), square (rectangular) end terminal, IPC_7351 nominal with elongated pad for handsoldering. (Body size source: https://docs.google.com/spreadsheets/d/1BsfQQcO9C6DZCsRaXUlFlo91Tg2WpOkGARC1WS5S8t0/edit?usp=sharing), generated with kicad-footprint-generator")
    (tags "capacitor handsolder")
    (path /5CA65B33/5CB272FB)
    (attr smd)
    (fp_text reference C7 (at -2.908972 0.070994 90) (layer F.SilkS)
      (effects (font (size 1 1) (thickness 0.15)))
    )
    (fp_text value "47uF 16V X5R" (at 0 1.65 90) (layer F.Fab)
      (effects (font (size 1 1) (thickness 0.15)))
    )
    (fp_line (start -1 0.6) (end -1 -0.6) (layer F.Fab) (width 0.1))
    (fp_line (start -1 -0.6) (end 1 -0.6) (layer F.Fab) (width 0.1))
    (fp_line (start 1 -0.6) (end 1 0.6) (layer F.Fab) (width 0.1))
    (fp_line (start 1 0.6) (end -1 0.6) (layer F.Fab) (width 0.1))
    (fp_line (start -0.261252 -0.71) (end 0.261252 -0.71) (layer F.SilkS) (width 0.12))
    (fp_line (start -0.261252 0.71) (end 0.261252 0.71) (layer F.SilkS) (width 0.12))
    (fp_line (start -1.85 0.95) (end -1.85 -0.95) (layer F.CrtYd) (width 0.05))
    (fp_line (start -1.85 -0.95) (end 1.85 -0.95) (layer F.CrtYd) (width 0.05))
    (fp_line (start 1.85 -0.95) (end 1.85 0.95) (layer F.CrtYd) (width 0.05))
    (fp_line (start 1.85 0.95) (end -1.85 0.95) (layer F.CrtYd) (width 0.05))
    (fp_text user %R (at 0 0 90) (layer F.Fab)
      (effects (font (size 0.5 0.5) (thickness 0.08)))
    )
    (pad 1 smd roundrect (at -1.025 0 90) (size 1.15 1.4) (layers F.Cu F.Paste F.Mask) (roundrect_rratio 0.217391)
      (net 6 +12Vcc))
    (pad 2 smd roundrect (at 1.025 0 90) (size 1.15 1.4) (layers F.Cu F.Paste F.Mask) (roundrect_rratio 0.217391)
      (net 1 Earth))
    (model ${KISYS3DMOD}/Capacitor_SMD.3dshapes/C_0805_2012Metric.wrl
      (at (xyz 0 0 0))
      (scale (xyz 1 1 1))
      (rotate (xyz 0 0 0))
    )
  )

  (module Capacitor_SMD:C_0805_2012Metric_Pad1.15x1.40mm_HandSolder (layer F.Cu) (tedit 5B36C52B) (tstamp 5CEFA57D)
    (at 129.529006 61.566028 90)
    (descr "Capacitor SMD 0805 (2012 Metric), square (rectangular) end terminal, IPC_7351 nominal with elongated pad for handsoldering. (Body size source: https://docs.google.com/spreadsheets/d/1BsfQQcO9C6DZCsRaXUlFlo91Tg2WpOkGARC1WS5S8t0/edit?usp=sharing), generated with kicad-footprint-generator")
    (tags "capacitor handsolder")
    (path /5CA65B33/5CB5D61F)
    (attr smd)
    (fp_text reference C8 (at -2.933972 0.070994 90) (layer F.SilkS)
      (effects (font (size 1 1) (thickness 0.15)))
    )
    (fp_text value "47uF 16V X5R" (at 0 1.65 90) (layer F.Fab)
      (effects (font (size 1 1) (thickness 0.15)))
    )
    (fp_text user %R (at 0 0 90) (layer F.Fab)
      (effects (font (size 0.5 0.5) (thickness 0.08)))
    )
    (fp_line (start 1.85 0.95) (end -1.85 0.95) (layer F.CrtYd) (width 0.05))
    (fp_line (start 1.85 -0.95) (end 1.85 0.95) (layer F.CrtYd) (width 0.05))
    (fp_line (start -1.85 -0.95) (end 1.85 -0.95) (layer F.CrtYd) (width 0.05))
    (fp_line (start -1.85 0.95) (end -1.85 -0.95) (layer F.CrtYd) (width 0.05))
    (fp_line (start -0.261252 0.71) (end 0.261252 0.71) (layer F.SilkS) (width 0.12))
    (fp_line (start -0.261252 -0.71) (end 0.261252 -0.71) (layer F.SilkS) (width 0.12))
    (fp_line (start 1 0.6) (end -1 0.6) (layer F.Fab) (width 0.1))
    (fp_line (start 1 -0.6) (end 1 0.6) (layer F.Fab) (width 0.1))
    (fp_line (start -1 -0.6) (end 1 -0.6) (layer F.Fab) (width 0.1))
    (fp_line (start -1 0.6) (end -1 -0.6) (layer F.Fab) (width 0.1))
    (pad 2 smd roundrect (at 1.025 0 90) (size 1.15 1.4) (layers F.Cu F.Paste F.Mask) (roundrect_rratio 0.217391)
      (net 1 Earth))
    (pad 1 smd roundrect (at -1.025 0 90) (size 1.15 1.4) (layers F.Cu F.Paste F.Mask) (roundrect_rratio 0.217391)
      (net 6 +12Vcc))
    (model ${KISYS3DMOD}/Capacitor_SMD.3dshapes/C_0805_2012Metric.wrl
      (at (xyz 0 0 0))
      (scale (xyz 1 1 1))
      (rotate (xyz 0 0 0))
    )
  )

  (module Capacitor_SMD:C_0805_2012Metric_Pad1.15x1.40mm_HandSolder (layer F.Cu) (tedit 5B36C52B) (tstamp 5CEFA58E)
    (at 94.625001 162.325001)
    (descr "Capacitor SMD 0805 (2012 Metric), square (rectangular) end terminal, IPC_7351 nominal with elongated pad for handsoldering. (Body size source: https://docs.google.com/spreadsheets/d/1BsfQQcO9C6DZCsRaXUlFlo91Tg2WpOkGARC1WS5S8t0/edit?usp=sharing), generated with kicad-footprint-generator")
    (tags "capacitor handsolder")
    (path /5CA63886/5CA67058)
    (attr smd)
    (fp_text reference C9 (at 0 -1.65) (layer F.SilkS)
      (effects (font (size 1 1) (thickness 0.15)))
    )
    (fp_text value "22uF 50V" (at 0 1.65) (layer F.Fab)
      (effects (font (size 1 1) (thickness 0.15)))
    )
    (fp_text user %R (at 0 0) (layer F.Fab)
      (effects (font (size 0.5 0.5) (thickness 0.08)))
    )
    (fp_line (start 1.85 0.95) (end -1.85 0.95) (layer F.CrtYd) (width 0.05))
    (fp_line (start 1.85 -0.95) (end 1.85 0.95) (layer F.CrtYd) (width 0.05))
    (fp_line (start -1.85 -0.95) (end 1.85 -0.95) (layer F.CrtYd) (width 0.05))
    (fp_line (start -1.85 0.95) (end -1.85 -0.95) (layer F.CrtYd) (width 0.05))
    (fp_line (start -0.261252 0.71) (end 0.261252 0.71) (layer F.SilkS) (width 0.12))
    (fp_line (start -0.261252 -0.71) (end 0.261252 -0.71) (layer F.SilkS) (width 0.12))
    (fp_line (start 1 0.6) (end -1 0.6) (layer F.Fab) (width 0.1))
    (fp_line (start 1 -0.6) (end 1 0.6) (layer F.Fab) (width 0.1))
    (fp_line (start -1 -0.6) (end 1 -0.6) (layer F.Fab) (width 0.1))
    (fp_line (start -1 0.6) (end -1 -0.6) (layer F.Fab) (width 0.1))
    (pad 2 smd roundrect (at 1.025 0) (size 1.15 1.4) (layers F.Cu F.Paste F.Mask) (roundrect_rratio 0.217391)
      (net 1 Earth))
    (pad 1 smd roundrect (at -1.025 0) (size 1.15 1.4) (layers F.Cu F.Paste F.Mask) (roundrect_rratio 0.217391)
      (net 2 Vin2.5-24V))
    (model ${KISYS3DMOD}/Capacitor_SMD.3dshapes/C_0805_2012Metric.wrl
      (at (xyz 0 0 0))
      (scale (xyz 1 1 1))
      (rotate (xyz 0 0 0))
    )
  )

  (module Capacitor_SMD:C_0805_2012Metric_Pad1.15x1.40mm_HandSolder (layer F.Cu) (tedit 5B36C52B) (tstamp 5CEFA59F)
    (at 99.375001 161.125001)
    (descr "Capacitor SMD 0805 (2012 Metric), square (rectangular) end terminal, IPC_7351 nominal with elongated pad for handsoldering. (Body size source: https://docs.google.com/spreadsheets/d/1BsfQQcO9C6DZCsRaXUlFlo91Tg2WpOkGARC1WS5S8t0/edit?usp=sharing), generated with kicad-footprint-generator")
    (tags "capacitor handsolder")
    (path /5CA63886/5CA67051)
    (attr smd)
    (fp_text reference C10 (at 0 -1.65) (layer F.SilkS)
      (effects (font (size 1 1) (thickness 0.15)))
    )
    (fp_text value "22uF 50V" (at 0 1.65) (layer F.Fab)
      (effects (font (size 1 1) (thickness 0.15)))
    )
    (fp_line (start -1 0.6) (end -1 -0.6) (layer F.Fab) (width 0.1))
    (fp_line (start -1 -0.6) (end 1 -0.6) (layer F.Fab) (width 0.1))
    (fp_line (start 1 -0.6) (end 1 0.6) (layer F.Fab) (width 0.1))
    (fp_line (start 1 0.6) (end -1 0.6) (layer F.Fab) (width 0.1))
    (fp_line (start -0.261252 -0.71) (end 0.261252 -0.71) (layer F.SilkS) (width 0.12))
    (fp_line (start -0.261252 0.71) (end 0.261252 0.71) (layer F.SilkS) (width 0.12))
    (fp_line (start -1.85 0.95) (end -1.85 -0.95) (layer F.CrtYd) (width 0.05))
    (fp_line (start -1.85 -0.95) (end 1.85 -0.95) (layer F.CrtYd) (width 0.05))
    (fp_line (start 1.85 -0.95) (end 1.85 0.95) (layer F.CrtYd) (width 0.05))
    (fp_line (start 1.85 0.95) (end -1.85 0.95) (layer F.CrtYd) (width 0.05))
    (fp_text user %R (at 0 0) (layer F.Fab)
      (effects (font (size 0.5 0.5) (thickness 0.08)))
    )
    (pad 1 smd roundrect (at -1.025 0) (size 1.15 1.4) (layers F.Cu F.Paste F.Mask) (roundrect_rratio 0.217391)
      (net 2 Vin2.5-24V))
    (pad 2 smd roundrect (at 1.025 0) (size 1.15 1.4) (layers F.Cu F.Paste F.Mask) (roundrect_rratio 0.217391)
      (net 1 Earth))
    (model ${KISYS3DMOD}/Capacitor_SMD.3dshapes/C_0805_2012Metric.wrl
      (at (xyz 0 0 0))
      (scale (xyz 1 1 1))
      (rotate (xyz 0 0 0))
    )
  )

  (module Capacitor_SMD:C_0805_2012Metric_Pad1.15x1.40mm_HandSolder (layer F.Cu) (tedit 5B36C52B) (tstamp 5CEFA5B0)
    (at 90.875001 162.325001)
    (descr "Capacitor SMD 0805 (2012 Metric), square (rectangular) end terminal, IPC_7351 nominal with elongated pad for handsoldering. (Body size source: https://docs.google.com/spreadsheets/d/1BsfQQcO9C6DZCsRaXUlFlo91Tg2WpOkGARC1WS5S8t0/edit?usp=sharing), generated with kicad-footprint-generator")
    (tags "capacitor handsolder")
    (path /5CA63886/5CA6392C)
    (attr smd)
    (fp_text reference C11 (at 0 -1.65) (layer F.SilkS)
      (effects (font (size 1 1) (thickness 0.15)))
    )
    (fp_text value 22nF (at 0 1.65) (layer F.Fab)
      (effects (font (size 1 1) (thickness 0.15)))
    )
    (fp_line (start -1 0.6) (end -1 -0.6) (layer F.Fab) (width 0.1))
    (fp_line (start -1 -0.6) (end 1 -0.6) (layer F.Fab) (width 0.1))
    (fp_line (start 1 -0.6) (end 1 0.6) (layer F.Fab) (width 0.1))
    (fp_line (start 1 0.6) (end -1 0.6) (layer F.Fab) (width 0.1))
    (fp_line (start -0.261252 -0.71) (end 0.261252 -0.71) (layer F.SilkS) (width 0.12))
    (fp_line (start -0.261252 0.71) (end 0.261252 0.71) (layer F.SilkS) (width 0.12))
    (fp_line (start -1.85 0.95) (end -1.85 -0.95) (layer F.CrtYd) (width 0.05))
    (fp_line (start -1.85 -0.95) (end 1.85 -0.95) (layer F.CrtYd) (width 0.05))
    (fp_line (start 1.85 -0.95) (end 1.85 0.95) (layer F.CrtYd) (width 0.05))
    (fp_line (start 1.85 0.95) (end -1.85 0.95) (layer F.CrtYd) (width 0.05))
    (fp_text user %R (at 0 0) (layer F.Fab)
      (effects (font (size 0.5 0.5) (thickness 0.08)))
    )
    (pad 1 smd roundrect (at -1.025 0) (size 1.15 1.4) (layers F.Cu F.Paste F.Mask) (roundrect_rratio 0.217391)
      (net 7 "Net-(C11-Pad1)"))
    (pad 2 smd roundrect (at 1.025 0) (size 1.15 1.4) (layers F.Cu F.Paste F.Mask) (roundrect_rratio 0.217391)
      (net 39 "/negative 12V supply/SGND"))
    (model ${KISYS3DMOD}/Capacitor_SMD.3dshapes/C_0805_2012Metric.wrl
      (at (xyz 0 0 0))
      (scale (xyz 1 1 1))
      (rotate (xyz 0 0 0))
    )
  )

